18654033585
18664540095
18605748161
18609962500
18654227736
18614916466
18646602340
18611054416
18679297098
18606915600
18624424997
18650258068
18659526248
18690347025
18606005836
18679066376
18647554671
18609808565
18648420279
18655340297
18603111237
18655938302
18634935691
18660764300
18690018893
18665474641
18645839456
18623415095
18649442375
18688681617
18665685976
18687502458
18605446539
18645311790
18604208182
18624202987
18663041763
18696801374
18639904695
18685694485
18691775077
18653566869
18617302817
18605480459
18606473727
18683019435
18609454222
18619254937
18642283374
18677461185
18625838155
18635795275
18604506519
18633883862
18667013000
18632270195
18670287150
18629258528
18665949370
18665056866
18687840321
18608055375
18622406964
18629044867
18671091814
18675161354
18648801207
18679714789
18677099935
18681503712
18666056717
18683606146
18650753591
18668844504
18618808741
18630675996
18676799410
18619880251
18676816182
18674742033
18674557793
18674379755
18630831176
18614439257
18600514096
18629006339
18672949891
18686440518
18625466542
18621253504
18620726445
18639662535
18664037699
18695682690
18652237215
18671414127
18629928267
18609123391
18650210565
18610053443
18639642305
18636239005
18699440787
18643911912
18651078203
18697132929
18657863221
18604742832
18627004321
18683847449
18669334047
18615221485
18662058152
18698562340
18661012093
18688665305
18684134655
18685892221
18645685900
18614504632
18618807338
18691046232
18694011855
18625301920
18667986796
18650043293
18667792977
18687092528
18664848940
18676041671
18609411694
18612510501
18611839110
18687809776
18686798404
18678169413
18622843703
18664750006
18616397364
18603790213
18617056265
18615721831
18659363203
18675105948
18642019297
18613131927
18615890326
18616960334
18656458162
18665969726
18628864077
18685518117
18662441181
18602819000
18618154198
18694779606
18661462634
18643355582
18656370055
18619782897
18609785574
18608219664
18617123039
18665599835
18627506113
18664039659
18635456473
18626031422
18604333116
18673285409
18666559117
18622048782
18608258543
18641978671
18615388015
18647443262
18663109774
18678422164
18695626288
18697392425
18626179017
18668704026
18601937240
18677494679
18650463015
18673296377
18641936960
18642942250
18611600452
18637520826
18609886276
18637433968
18692566289
18693829235
18624269888
18642439260
18683050454
18606020797
18612319983
18637691600
18692560944
18663803211
18660567739
18694780656
18602065041
18619655251
18631170741
18680345282
18609127956
18679138963
18655248356
18672427089
18629854453
18631066753
18645759791
18676273054
18623669039
18680141248
18608722014
18606700084
18648310848
18693597284
18646391003
18633703559
18618144658
18645417062
18600102854
18637876235
18651495388
18688384176
18602887951
18657555415
18652210132
18688106898
18625024418
18616773989
18668020381
18694200006
18692966481
18676708878
18614083850
18603504906
18640368916
18685942450
18601179401
18685884119
18686902373
18636387441
18672500836
18603837186
18603048205
18644971226
18609663530
18681267786
18614956339
18644293033
18670548229
18613426569
18655206368
18643266214
18641806164
18676051992
18678932160
18688168951
18654214359
18691184473
18650886694
18664426766
18680945621
18602409726
18638692388
18695405485
18677393968
18635632478
18613469157
18661761000
18670129168
18616541897
18697428641
18614523678
18604577928
18669111064
18624968390
18697088308
18670436186
18694003593
18652202643
18670070700
18658355960
18625400679
18682262560
18686923209
18693015061
18659696439
18623593149
18690059104
18652338134
18652329079
18694901396
18643182930
18645329721
18687377225
18624668886
18610498383
18693226079
18637333020
18656966178
18630597992
18615804369
18683784650
18637686003
18663540482
18632652093
18604151827
18650271899
18603503973
18642021971
18604433422
18624926846
18641277985
18654878575
18615179032
18607068158
18644098003
18629095012
18664962027
18636233066
18658283419
18659367275
18677573145
18610732386
18667185074
18668668739
18667791238
18615595060
18609015614
18647373428
18629128143
18624544714
18605144240
18690020592
18674964942
18695802693
18635464541
18665140286
18606728485
18677805322
18626345485
18679129827
18690981979
18620081562
18622040743
18645797155
18618363612
18690408901
18682757140
18617711257
18686100054
18617567352
18633653204
18690881376
18656205619
18630698232
18677412404
18659678352
18698148721
18689309947
18638708566
18671745524
18602253747
18676757349
18636763530
18616901084
18647344073
18669357889
18660786720
18677153701
18643591152
18654014028
18610132281
18656268210
18604479884
18685340498
18615796503
18642779001
18657811390
18652029062
18619643803
18676676274
18675727111
18610653669
18673143849
18607082425
18683922867
18642760184
18609607759
18655890609
18611956245
18694092923
18690677447
18674627599
18626313804
18624412881
18672330236
18625662002
18685377455
18655539320
18668438180
18692862487
18608292101
18628028687
18658464702
18666846778
18683913598
18652944723
18663197028
18645529470
18675823147
18644499404
18675936624
18655986540
18608757975
18688279257
18615767765
18694825951
18600349971
18692070910
18643615901
18619509067
18607872371
18657726845
18623924274
18618114031
18622482243
18656861791
18699518841
18653905571
18602139938
18622565015
18625949514
18678271134
18628136536
18649869645
18652922111
18659156751
18640527097
18686991579
18643508607
18616352191
18670050198
18693036918
18645461915
18684115602
18667258446
18666067056
18618678661
18690227834
18645953531
18603480998
18626339256
18615874835
18681637552
18666193657
18618283779
18618389242
18673369321
18619739489
18604703467
18659323227
18619984769
18643615654
18680588290
18651703708
18618542365
18665657843
18634550011
18635580544
18607304621
18637848313
18627391910
18645599791
18637494373
18602570957
18615375929
18686226913
18673067788
18669202801
18627158902
18639301614
18692168889
18680218155
18636080557
18666694618
18696736261
18644722506
18604483777
18686246490
18681060097
18631193774
18620412487
18648286825
18645620550
18650656592
18697392206
18689529234
18682216670
18637406108
18694756215
18696554822
18629286586
18697187203
18600564359
18661020011
18649705609
18690015753
18652843390
18633903304
18639693440
18635561080
18692613730
18698872404
18683540500
18690531638
18650503766
18675166472
18646026199
18619804094
18613899718
18605692613
18649285064
18674677535
18605847996
18644521004
18616502688
18672158636
18694629858
18615138105
18647565825
18649298476
18604218186
18652031365
18621455238
18646511628
18664953332
18699757378
18648782951
18697675740
18608190252
18612705115
18691780052
18653542625
18642865633
18635273956
18631052023
18627506618
18641959467
18688176539
18652261215
18628553496
18694551277
18664224514
18684086986
18616061721
18681844334
18682466235
18639960333
18688642510
18644624095
18688203790
18634423252
18604652283
18637967602
18604551880
18636283225
18663860754
18698661232
18653440973
18640677706
18615075872
18686691413
18671878628
18660921654
18673849155
18665736925
18652082916
18657516010
18631648533
18682904176
18617378973
18675331776
18600348584
18609857164
18607561219
18658831241
18694949383
18615655737
18612633730
18662631990
18637381475
18667095091
18692883535
18640862644
18620648196
18696723864
18623608151
18633502226
18692129685
18669574886
18653652459
18653572373
18629601239
18626771737
18662702908
18608386471
18639974974
18628352016
18668680492
18624533013
18656761482
18655600775
18654748837
18632619575
18626607637
18649757823
18665453848
18622027740
18682731717
18661538381
18689996289
18650968557
18654666590
18624466244
18645379918
18657901510
18667306190
18600785258
18669352505
18656365557
18699795568
18645069349
18690892179
18673133060
18674789316
18650825762
18628327246
18621190332
18638525177
18648326684
18666987018
18646642683
18604961867
18621363806
18660264034
18697903675
18688671263
18635962147
18672289914
18653738740
18675193419
18627039921
18690751061
18669026289
18674860689
18665788024
18675502696
18632476862
18676373886
18614918392
18660965374
18659235736
18651085811
18620660805
18689864942
18679296695
18652237052
18651057470
18663702243
18646741834
18608660224
18636597760
18672742986
18616974321
18639917877
18652030297
18630140570
18635497793
18670332693
18612738693
18601399040
18678542410
18622277032
18610795550
18685075385
18645335309
18676913897
18634829193
18650087058
18612102999
18675205303
18675229343
18689665429
18604422708
18629841707
18675905540
18651072282
18619285403
18680935038
18686424541
18600826946
18611304299
18690082350
18667729114
18630101580
18665631231
18617913179
18600919190
18656463647
18627118189
18661675975
18616747366
18651296214
18601993386
18629596652
18632820063
18602539704
18631542681
18682769730
18643704766
18669084812
18657266174
18652648529
18601007775
18658945980
18635197154
18645659864
18621731512
18637277258
18670364223
18683123172
18651405481
18682711345
18644636842
18641152378
18644890516
18613030279
18672087262
18621819879
18636952950
18654562936
18685652066
18682591100
18665574544
18662226593
18680747486
18609578891
18655240988
18697466067
18633450153
18691697477
18637122648
18607709946
18647433560
18608134371
18697303121
18642896273
18609968769
18641224602
18639737256
18612838133
18694858628
18627444637
18616090248
18696495989
18691926043
18672562010
18637094806
18675176677
18611457696
18602388403
18655193279
18635842952
18632963500
18654074498
18618814275
18648410094
18672244112
18600743068
18609713978
18602044356
18681208498
18694515340
18635273855
18682689413
18669829799
18608290860
18681842136
18614671738
18695771908
18671322721
18685191935
18691949175
18600380936
18605577257
18618014797
18633210961
18694696330
18698163855
18618904516
18611700196
18622065920
18685797864
18664017859
18676255619
18642172997
18639081891
18620004990
18665933521
18664666691
18651544701
18669364451
18686639510
18610794262
18606046154
18651613343
18682368872
18605089414
18675318981
18638579136
18684332572
18667482876
18645028957
18613164753
18697717286
18685082664
18671162918
18673718616
18607280878
18655908427
18603708110
18643046069
18691861450
18678995943
18648215289
18699229078
18630635291
18636794413
18625743721
18619836835
18645303719
18636222991
18611617066
18623338005
18651212732
18625109475
18687889608
18677038804
18683761977
18653122325
18602473109
18618816354
18692184678
18671908200
18697256446
18662864673
18646120536
18699513090
18691784429
18631341570
18650970018
18634115930
18634387814
18678236411
18607574673
18686640628
18624277184
18667651240
18616525107
18665052116
18699102148
18645223769
18653000934
18684275451
18674218905
18625949266
18645122594
18629321918
18620585206
18665831719
18621166509
18614010104
18644384265
18623391070
18612642442
18604361777
18651112092
18604722496
18679186974
18628992611
18677419901
18639226200
18692275679
18646936646
18664817637
18636589366
18631228523
18602790575
18609265152
18645957138
18651080071
18638384688
18699773488
18649343644
18683735768
18623723049
18634908487
18633669627
18698388086
18607300688
18697635386
18622095491
18692430508
18661547334
18655033635
18615157380
18625178784
18600472853
18661863648
18683378117
18600859130
18676916320
18672977196
18649493883
18667837538
18697389640
18665436954
18624970018
18635605421
18621074266
18602502987
18602864090
18637015477
18676749642
18664126817
18604060415
18675559316
18685386369
18682416364
18627379590
18618163511
18614546565
18653726838
18611253284
18647453812
18676622628
18616393916
18697071046
18602806066
18628225034
18690657739
18665012667
18663727010
18688995302
18663051999
18678735259
18654162940
18692706740
18621106006
18679682674
18662890273
18620038745
18600807441
18657937307
18671919975
18622015201
18682063197
18685353802
18608443328
18678225355
18681092965
18660154246
18615397470
18629084285
18672193049
18631719442
18613419055
18666152362
18617979884
18674133411
18693623315
18609001266
18671997759
18690922944
18663977280
18621188685
18686193529
18697940595
18608591565
18600939932
18605708726
18691513674
